333303133113 3270 0333113113 4313101310331119,

2223 (3331113113 3371 0710313113 331310303313113
2224 Centuxiella 3373 6333133333113-3330 1133333111
3333 03133110113113 3373 sylindr'ella 3331 1333133113
3336 0333113 3374 03303133113 33331113313113
3337 0333133113 3373 0331133113 3333 13331733113
3339 0311133113 3276 naucella 3334 1113313113
3333 capitella 3377 [1313133113 3333 1113333113
333001310311113113 3173 Decuriella 3336131330111133113 ’
2291 (3133333313113 33731133333113 3337 6311173333113
3333010301333113 22991933133113 3339 63333113
3333 0103333113 2211 1131133113 3333 1331333113
2234 Chrysonuch'ella 3333 Det-asella 2330 631313333113
2333 0131133113 , 2219191333113 33316333133113
3236 0111333113 1214 1111333113 3333 (1331333113
3337 01113113 2219 0113ἰά13113 233363011073113
3239 0111333113 3396 1101333113 2334 (1133333113
3333 0111333113 2217 Domesticella 2333 61133113

3340 (1133333113 2211 1913313113 3336613131333113 ‘
3341 0133133113 2219 1937Ιί33113 3337 60313333113
3343 0010133113 2299 1133333113 2339 60333113

3343 εο11313133113 2291 1131113113 2339 (1331133113
3344 comella 2292110333113 3340 (11313133113 ,
33430033313133113 229911333113 3341 61333113
3146 (3033333113 2234331313333113, 3343 Gronoviella
3347 0033113113 2299 Ephemerella 3343 thphipennella
3349003331333113 2296171133113 2344 Guttella
2249 contaminella 229713110113113 3343 1131413113
333300333133133113 2191 Equitella 334611333133113
3333 convolutella -29911313133113 3347113313333113 1
333300333133333113 2999 1133313113 3349 flebenmeitella
225³ cornutella 2991 Evonymella 2949 11313310113113
33340033133113 2992 1131333113 3330 1133311133ιί1311
3333001710113113 2999 1130133113 2991 113333133113

33 36 00333113 29941333113 3333 3333333113
3337 0333333113 2999 13133113 3333 Hermanella
3333 (1333333113 1996 13133113 3334 Hesperidella
3333 (1133313113 2997 1133313113 3399 11133333113
3360 (1311333113 2991 1333333113 3996 11133331133113
3361 Cribrumella ²³⁰9 Ferrugtlla 2997 1113331033113
3363 0114133113 2919 1333133113 2391 1101333113
3363 ct'istella 2911 1111313113 3399 113331333113
3364 (3311333113 2912 1111133113 4 336011133333113
3363 crysonuchelh 2919 11333113 3361 133313333113
22⁶⁶ culmem 291411333113 3363 1333133733113
3367 0311333113 331911331110333113 3363113113

3363 (33313113 3916 10333113 3364111033113

3333 cuwella 3317 1031333113 3363 1113313113

 

