1117 1111119111
1611 ’1111111111
1619 1111111111
1661 111111111111
1661 1111171111
1661 1111171111
¹⁶⁶3 11111111

· 1664 11111111

1669 11111111
1666 1111111111
1617 1111111111
1661 7111111
1619 1111111111
1676 1111111111
1671 1111111111

1 1671 1771111111
1679 Pygmeata
1674 1171111111
1679 17111111
1676 1711711111
1677· Quadrifttia

17ος sanguinaria
170⁶ Scabiosata
1717 scripturula
1711 scutulata
1719 scutulata

11719 Scundutia¹
,1711 8111111111

1711 81111111
1719 Seritam
1714 1111111111
1711 8111τί11111
1716 8111111111
1717 81111111
1711 8111111111
1719 31111111
1716 1111111111
1711 sinuata
1722 81111111
1711 8111711111
1714 sociata
1711 81111111

1671 (111111111111111 1716 81111111
1679 Quadtifasciata 171781111111111
1611911111711111111 1711 5111111111

1611 Quercinatia
1611 1111111111
1611 1111111111 ’
1614 1111111111
1611 1111111δοί1111
1616 ’ 1111111111
1617 1111111111
1611 1111111111
1619 Rotaria
1⁶90 Rubelata
1691 1111111111
1691 Rubiginata
1697 1111111111
1694 Rubtociliata
1691 1111111111111
7616111111

‘1⁶97 1117111111
1691 Rupicaptatia'
1699 11111111
1761 1111111111
1711 sacraria
ι7ο1 11111111
¹703 sagittata
1794 6111111111

1719 8711111111
¹730 1711111111
1791 8111111111ῑί1
1711 81111111111
1799 8111111111 ’
1794 81117111
1791 811151111111
1796 Strigillata
¹7³7 Stthilata
1791 Subumbrtta
1711 succenturiata
1741 1111111111
1741 sulcata
1742 Sylvata
¹743 sylvesttata
1744 sylvestris
1741 1711171111
1746 'ruminata
1747 'temerata
1741 'tenebrata
1741 'sertata

Ι1711 ’111111111

¹75¹ 'resuta
tm 1171111111·

. 111
1719117111
1754Tiliaxia 4
1711 1171111111
1716 1111171111111 ”
1717111111111111 y
1711 Tridentum·
1719 Τ1111111111
17611 ’11111111111
1761 ’7111111111
1761 1111111111 ’
1769 ’11111111
1764 truncata
176111111111
1766 17111111
1767 11111111
1761 1711111111
1769 1111111111
17711111111111 ,
1771 vespettatia
1771 vestalis
177111111111
1774 vetustata
1775 1711111111
1776 1111111111
1777 Virgatit‘
1771 17117111
1779 virgulata
1716 1711111111
1711 1711111111
1711 71111111111111
1719 7111111111
1714 1111111111
1711 111111111
1711 Vinaria
1717 1111111 -
1711 1711111111
1719 17111111 ·
1791 1111111111
179117111111
1791111111111
¹793 171111111111
7794 111111111111

,1711 Volutata

1796 1111111111
1797 [11111111 .
1791 1711111111

’ 1799 1117111111 Ι 4

1111 11011111 Ι
1111 11111711. ’

 

