m
118 6681188
946 (18691191168 ”
941 11818196
941 Glabxa
948 (1118611811
944 (11116681
949 1119911181
916 Gemina
947· (16811881
948 Gracilis¹
949 1181881888
996 orista

1871111861 ,
988 1168661888
888 Laetitia
996 1188888811
991 Lepida

991 168869119111
999 16886186111
994 1688691111
999 168868ιί981
996 1181861816
997 11981811
998 11111111

991 611666118189181 999 meari,

991 1168118186861
999 11811181

994 11891881
999 Hetbida
996 1161816Ιί881
997 116861681181

, 991 118816919911111

999 1119969668
966 Histrio
961 11681168188881111
961 Humilis
969 1191868161
964 1179168181
969 janthina
966 1167118161
967 1 Cinctum
968 161681ῑί8
969 Ignobilis
976 lllumina¹
978 1118168118
979 1860181989
,971 Inscripta
974 1888111111
979 Interposita
976 1886116911168818
817 1081

978 1889819111
979 Italica
986 188188

981 1111888819
981 118881
989 1196988
,884 L· 8111818
919 118611

886 81111118Ι

1666 1186911161
1661 1111161111
8661 1181619161
1669 118881
1064 1181111
1669 Lolii
11166Χ Lota
8667 18168811
8668 18868661
1669186161
8616 18811681
1681 18819181
8616 18819811
8619 18888611
1914 1888188191
8619 18111611
8686 18118181
1617 18181118
8611 18888118
1689 1811111181
8616 1816811
1611 18861
1611 1818196
1619 1818168881
1614 19618811ἀί1

’8619 1911899119

1616 1118811811
9617 1111911181668
1611 1118916181

8 019 1118861681
8696 Matuta

8698 111811

7698 116918698111
1699 mendica

Ι 1699 116188918811

8696 Miie'trii ἢ
1697 11681881088
8698 118

¹0³9 11161661
1646 1181691181
8641 11161611

, 1641 11666811

1043 Moneta
8044 11681116
8048 1168169199111
8646 116668116811
1017 mucida
1648 Munda
1049 Mutina
1666 1181868118
1011 musicalis
7698 119181111
1661 Mna

1054 8118116661
1088 nebulosa
125⁶ 1611611
1697 Nictitans
1088 1119116166
1699Ι Nigricollis
1666 81191618181
9668 81191618881
9661 Nitida
7669 111861
1664 1168188188ἲ
8669 Nubila
1666’ Nupta Α
1667 Nympha
1668 Nymphagogi
1669 Obducta*
1676 01611681
197 Obscura.
8671 Occulta “
8679 (816111ῐί1
1674 08611181
1679 Ocellina-
1676 08111668
1677 06111196,
1678 0811881196

. 1979 0811686868

7686 octogena&
1618 08869681ι “

1914 8168988811ᾱί1 88810886981899 .

 

