554
5555 1115ρί15515
5554 1165655515
5555 11615ὶά5515
5556 1165561555
1555 1165561555
5555 5165111555
5555 1555551555
5556 1155555515
5555 1155555555
5 555 1556155515
5555 15555555
1554155550
5555 51155515
ι516 Illibata
5557 5565565555
5555 1556555555
3555 1555115555
5556 Impluviata
5555 5655555115
¹5³2 1655555555
5 155515115555555
155515155555555
5555 15665555
1556 1556515555
5557 1551851555
5555 Instituta
5556 interrupta
¹54⁰ 1555515555ιί5
5545 1555515515
554115561555555
55451555655
5544 uacari:
5545 15514555
554615555555
5647·’15656551555515
5545 ’1151565515
²549 Lignaria
5556 1156555555
1555 Ligusuiatia
5555 1155515515
5555 titubata
1514 1155515555
5555 1155515515
5556 1155551555
A 5557 11555555
’ 5551 1155561555

5555·ῑὶ555555

5566 utum:

5565 11511555
5565 Luctum
¹5⁶3 15555515
5564 1555515515
5565 1555551555
5566 1551515515
5 567 15515555
5 561 15555115
5565 15555555
557615555615515
75575 15555555
5575 1155615515
5575 Maculam
5574 115551155ῐὶ5
5575 Margaritae
5576 11555165515
5 577 Magium

5565 1565155515 “
5656 0151165555
5655Ι obfuscata
5655 obliquati:
1613 0111555555

s 5654 Obscuram

5655 05511555
5656 05155555
5655 0515555515
5655 0556555551555
5655 0555555
5656 0116555515
5655 0115555
5615 0-111555
5655 0555155655ιὶ5 ·
5654 05655515
5155055515 ,

5555 5155415556555555656 0665555

5575 11555565555
5556 1156655515
5555 Mediam
5565 1151565515
5 555 1151155515
5554 11555555515
5555 1115515
1556 ’11155655ιί5
5555 1115555515
5555 1115565555
5559Ι 1165615515
1590 1165511555
5555 1165555555
5 59: ’1555515555
¹593 1155155515
1594 Mutinam
1595 1155555515
1596 Navata
1597 Nassata
¹598 Nebulatn
1599 Nemorali!
5666 1155565555
5661 11135555
5665· 11155656555555
5665 1115555

5664 1115155515

1605 11555515
5665 Notata

1607* 1165555515

zm 1515611556

N

1⁶27 1516515555
1628 1511151555
1⁶29 palumbaria

' 163⁰ Pantharia'

5655 1555155555
5655 1555111655515
16³3 155511515515
¹⁶³4 1555555515
5655 Pastum
1⁶³⁶ 1551155515
5657 15515515
5655 1551515515
565915555515
55461555511555555 ¹
5645 15515515

“ 5645 155155555ῐί5

5645 1111655515
5544 Pinnata
5645 11615515
5646 11551555
5647 1165555515 ·

“ 5645 Plumbaria

¹649 Plumigen Ι
1656· 1155515515 “
5655 16561555 ·
1652 Polycomm‘att'
¹653 rolygrammau
¹⁶54 1661665515

5555 Popula& ·
5656165555 · ’

 

