1117 1111111111
1171 1111111111
1471 1111171111Ι
1171 1111111111
1171 1111111111
1174 ι1111111111ιί4
1171 1111111111
1176 1171111111
1177 Gerulata
1771 0111111
1179 0111111111
1181 0111111
1711 candidata

1³⁸2 Capreuia ,

7111 0171111111
1184 0111111
1111 0111111111
1181 0117111111
1117 01111111
1118 0111111111
1119, 01111111111

· 11111 01111111

1417 condiaris
1411 01111111
1411 coronata
1411 corrigam
1411 0111111111
1411 01171111
1411 011111111
1414 0117111111114
1411 011111111111
1411 0111111111
1417 011111114
1411 011111ιὶ1
1429 Cutvm
1411 Cydoniam
1411 0711111111
1411 Dealbata
1411 necarat:
14141Decussata
1411 Defoliaxja
1411 0111111111
1417 1111111111
1411 0111111111111

1111 0111111111 1411 [11111111

1111 01111111
1197 0111111
1194 cervium

¹44⁹ Designata
1441 1111711111

1 1441 Didyma*

1191 0111171111111 144101111111
1196 011111111111 1444011111111

1117 0111111111
1118 ,0111111111

1441 Diluciduia
1441 1111111111

119101171171111111 1447 11111111Ιί1

1411 011111111
1411 0111111111
141101111111 “
1411 01111111
1414 01771111
1411 0111111111
1416 cognata
1407 0111111111

1441 Dimidium
1441 nimia

· 1411 Diversus

1411 0111111111
1411 1111111
1411 1111111111
1414 1117111111
1411 1111111111ιί1

1411 concatenata 141111111111111

1411 conjungam

1417 11711111ιί1

14110111111111111, 1411 1111111111

1411 0111111111

1411 1111111111

ἱ14411 01117111ιί1 1411 Bromia
1411011171111111 1411 nuphoxbiata
141401117111111 1411 1111111111
14110111111111111 1411111111

1414 0111111111 t

1414 1111111

111
1411 11111111
¹4⁶⁶ 111111ιί1
1417 11111111
1411 1111111111
1411 1111111111
1471 1111111111
1471 1111111111
1471 71111111
1471 renuentia
1474 Fimbrialis
1471 fimbriata
1476 Flammam .
1477 1111111111
1471 1111111111
1471 1111111111
1411 Flavia -
1411 1111111111111
1411 1111111111
1411 Flexum
1414 Fluctua&
1411 Frumentum,
1411 111111111πί1
1417 Fulmineo
1411 1111111

, 1411 11111111

1411 11111111
1491 11111111
1411 Putem
1411 Galim
1414 Gemmatk
1411 01111111
1411 0111111111
8417 Glaucam
1411 01111111
1411 Gramina·
1111 Gramine:
1111 0111111
1111 01111111
1111 0111111ιί111
1114 0111111111111
111 1111111111 “
1111 flamm
¹507 11111111
1111 1111111111
1119 1117111111
1510 111117111114
1111 11111111111
7111 17111114

 

