9944 1111111111111 1991 1111111111ιὶ11
11411111111111111 1999 1911111111
1949· 1111111111ιὶ. 1994 11111111

1947 schreberiana 1999 2111191111

1941 1111111111

1949 Sehumachestm Μ.

1919 1119111111
1991 1111111111 ΡΥΗΛΗΒΕδ

1952 1111111
1999 Servant 1996 Α111111111
¹⁹54 5111111111 1997 11111111
1999 81111111 1991 ,1911191111111
1956 1111111111111 1999 ,11911111Ιί1
9997 1111111111 1111 1191111111
199139111111 1111 1191111111
1999 squamam 1111 1191111111
199911131111 1119 ,1191111111
1911811111111111 1114 Augustalis Ι
1941 11111111111119999 1119 1111111111111
1949 1111111 1111 11191111
1944111191111 2007 1191111111
1919 9111911111 1111 Attalis
1944 9111111111 1119 9111111117
1917 succedam 1111 1111111111
1991911111111111 11111111111911111
1949 ’11111111 1111 01111111111
1971 ’911111111 1119 0111111111
1971 ’91111111191111 1114 01111111
1971Τ1191111111 1919 0119111111
1979 ’1111111111 1916 0111111111
19741119111111 1119 0119111111
1971 Trigonum 1111 0111111111
1979111911111111 1919 0119111111
¹⁰77 Ttmidana 111101111111111
1979 Tumbergiana 2021 01111111
1979 Variana 1911 (1111111111
1911111119111 1919 0111111111
1991 11111111111111 1114011111111
1911 1111111111 1919 0111111111
1919 1111111111 191101111111
191411111111111 2027 111ιί111111
1919 11111111 1111 1111111111
1911 undana 1119 1111111111
1917 1111111111 1191 1111111111
1911 1111111111 Ι1191 Dubitalin
1919 VVahlbominna 1111 1111911111
199111111111111 1199 1111111111
1991 1111111111 1194 manualis

’11
119911111111 1
1196 111ῑί111111
1197 1111111111
1191 1111111111
1199 1111111111
1141 1111191111
11411111111111 ·
1141111111111111 ,
1149 11111111
1144 1111111111
1149 Ἑ191111111111
1141 1111111111
1147 11111111
1141 1111111111
1149 6111111111
1191 61111111111
1191 (1111111111

' 119101111111

1199 111111111111111
1194 11911111111
1911 119111ὶά1111
1191 11111911111111
1197111111111 .’
1191 1111111111
119911111191111111 .
1111 1111111111
1111 [11111111
1111 1111111111
1111 1111111111
1114 11111111
1119 [1111111111
1111 1111111111
11171119111111111 .·
191111111911111111
1119 11119111119
1179 1111911111
1171 1111111119
1171 &igniis
9971 1111111111
9174111111
1179 1111111111
1171 1111111111,
²077 1111111111
207⁸ 1111111111
1979 Numenii·
:080 Nymphealis
2⁰⁸¹ 0111111111
20⁸² 01111111

 

