Η’1611111111111 .

1111 1111111111
1111 Athamana
1114 Α11111111
1111 1111111111111
1111 1111111111
1117 Ameriam
1111 1111111111
1111 1111111111
1111 1111111111
1111 asseclam
1111 Momm
1111 11111111
¹⁸¹4 ,11111111
1111 Badiam
1111 1111111111
1117 Baumanniana
111111111111111111
¹⁸¹9 1111111111
1111111111

1111 Bouana
11111 11111111111
1111 11111111
1114 Ο111111111111
1111 Cana

1111 Capillitana
1117 camella
1111 Caudana
1111 01111111
1111 christianam
11 ³1 cinctam
1111 01111111
1111 0111111111
1114 Cingulata
1111 1311111111

, 1111 (3111111111
1117 (2111111
1111 (11111111111
1119 (3111111111
1141Ι 011111111
1141 Costana

⁴ 1141 (21111111
1141 (3111111111
1144 Decimam
114ς Decussana
1146 υ111111111

1111 11111111

1141 11111111 - 1116 1111111111
1149 Duplam 1197 111111111111Ι
1111 1111111111 1191 111111
1111 1111111111 11991111111
1111 lagana 1911 11111111
1111 11111111 1911 Minimum
1114111111111 1911 1111111111
1111 11111111 1911 Minerbaehim
1116 1111111111, 19141111111111
11171111111111111 1911 Montana
1111 1111111111 191111711111111
11191111111 , 1917011111111
11111111111 1911 011111111
1161 11111111 1911 Olivam
1161 (1111111111 1911 0101111
1161 (111111 1111 omma
1164 6111111111 1111 Pariana
1161 6111111111 1111 1111117111
1166 Gratiana 1 1914 Pedana
11171111111111 1111 1111111111
1161 111111111111 1911 11111111111
1169 111111111 1917 1111111111
1171 111111111111 1111 1111111
¹⁸7¹ 1111111111 19111111111111
1⁸7² Hepatana 1911 1111111111
1171 Heracliam 1911 Pedana
11741111111111111 1111 11111111
1171 1111111111111111911 1111111111
1176 1111111111 19141111111111
1117 11111111111 1911 1111111111
1171 1111111 19111111111111
1⁸7⁹ 1111111111 1917 1111111111
1111 11111111111 1911 Pusillam
1111 1111111ςί111 1919 Quartana

’ 1111 Laetam 1911 11111111

1111 Lacunam 1911 1111111111
1114 lavigana 1911 1111111111
1111 Lambergiana 1911 1111111111
1111 1111111111 1914 1101111111
1117 1111111 1111 1011111111
1111 Laeana 1911 Romana

1119 11111111 1917 Rosam
1191 11111111 1111 11111111
1191 Lipsiana 1919 11111111
119111111111111 1941 Rusticana¹
1191 Logiana 1941 81111111
1194 11111111 1141 Salviana

1191 aunum 1111111111

 

